      OCC  CUMUL_OCC  CITAB_YEAR  GCS  CUMUL_GCS    MEAN_GCS  MEAN_GCS_PER_YEAR  LCS  CUMUL_LCS  MEAN_LCS  MEAN_LCS_PER_YEAR
YEAR                                                                                                                        
1991    1          1          36   53         53   53.000000               1.47    0          0       0.0                0.0
1992    1          2          35  128        181  128.000000               3.66    0          0       0.0                0.0
1993    1          3          34    0        181    0.000000               0.00    0          0       0.0                0.0
1994    1          4          33   46        227   46.000000               1.39    0          0       0.0                0.0
1996    2          6          31    8        235    4.000000               0.13    0          0       0.0                0.0
1997    3          9          30   13        248    4.333333               0.14    0          0       0.0                0.0
2000    5         14          27   92        340   18.400000               0.68    0          0       0.0                0.0
2001    3         17          26   84        424   28.000000               1.08    0          0       0.0                0.0
2002    1         18          25    1        425    1.000000               0.04    0          0       0.0                0.0
2003    4         22          24   33        458    8.250000               0.34    0          0       0.0                0.0
2004    6         28          23   92        550   15.333333               0.67    0          0       0.0                0.0
2005   12         40          22  222        772   18.500000               0.84    0          0       0.0                0.0
2006   10         50          21  158        930   15.800000               0.75    0          0       0.0                0.0
2007   18         68          20   89       1019    4.944444               0.25    0          0       0.0                0.0
2008   24         92          19  304       1323   12.666667               0.67    0          0       0.0                0.0
2009   28        120          18  346       1669   12.357143               0.69    0          0       0.0                0.0
2010   43        163          17  459       2128   10.674419               0.63    0          0       0.0                0.0
2011   34        197          16  402       2530   11.823529               0.74    0          0       0.0                0.0
2012   47        244          15  744       3274   15.829787               1.06    0          0       0.0                0.0
2013   39        283          14  463       3737   11.871795               0.85    0          0       0.0                0.0
2014   50        333          13  652       4389   13.040000               1.00    0          0       0.0                0.0
2015   43        376          12  842       5231   19.581395               1.63    0          0       0.0                0.0
2016   38        414          11  537       5768   14.131579               1.28    0          0       0.0                0.0
2017   43        457          10  478       6246   11.116279               1.11    0          0       0.0                0.0
2018   57        514           9  777       7023   13.631579               1.51    0          0       0.0                0.0
2019   80        594           8  662       7685    8.275000               1.03    0          0       0.0                0.0
2020   65        659           7  714       8399   10.984615               1.57    0          0       0.0                0.0
2021  102        761           6  685       9084    6.715686               1.12    0          0       0.0                0.0
2022  100        861           5  862       9946    8.620000               1.72    0          0       0.0                0.0
2023   86        947           4  451      10397    5.244186               1.31    0          0       0.0                0.0
2024   80       1027           3  433      10830    5.412500               1.80    0          0       0.0                0.0
2025  104       1131           2  118      10948    1.134615               0.57    0          0       0.0                0.0
2026   18       1149           1    5      10953    0.277778               0.28    0          0       0.0                0.0